 demo                      SWAT+ 2026-07-30        MODULAR Rev 2026.pfas-coupling-v1.0-38-gbcb882c        
       year      plant_no   plant_name       harv_area(ha)     yld(t)          yld(t/ha)      
        1975           1 corn                                       12.06000       94.52876       7.838204    
        1975           2 soyb                                      0.0000000E+00  0.0000000E+00  0.0000000E+00
        1976           1 corn                                       12.06000      0.5686151      4.7148839E-02
        1976           2 soyb                                      0.0000000E+00  0.0000000E+00  0.0000000E+00
        1977           1 corn                                       12.06000      0.5349220      4.4355053E-02
        1977           2 soyb                                      0.0000000E+00  0.0000000E+00  0.0000000E+00
        1978           1 corn                                       12.06000      0.5606565      4.6488930E-02
        1978           2 soyb                                      0.0000000E+00  0.0000000E+00  0.0000000E+00
        1979           1 corn                                       12.06000      0.6115431      5.0708372E-02
        1979           2 soyb                                      0.0000000E+00  0.0000000E+00  0.0000000E+00
        1980           1 corn                                       12.06000      0.5099255      4.2282373E-02
        1980           2 soyb                                      0.0000000E+00  0.0000000E+00  0.0000000E+00
        1981           1 corn                                       12.06000      0.5473413      4.5384843E-02
        1981           2 soyb                                      0.0000000E+00  0.0000000E+00  0.0000000E+00
        1982           1 corn                                       12.06000      0.5945019      4.9295340E-02
        1982           2 soyb                                      0.0000000E+00  0.0000000E+00  0.0000000E+00
        1983           1 corn                                       12.06000      0.5671296      4.7025666E-02
        1983           2 soyb                                      0.0000000E+00  0.0000000E+00  0.0000000E+00
        1984           1 corn                                       12.06000      0.5325763      4.4160549E-02
        1984           2 soyb                                      0.0000000E+00  0.0000000E+00  0.0000000E+00
        1985           1 corn                                       12.06000      0.5204449      4.3154635E-02
        1985           2 soyb                                      0.0000000E+00  0.0000000E+00  0.0000000E+00
        1986           1 corn                                       12.06000      0.5574387      4.6222113E-02
        1986           2 soyb                                      0.0000000E+00  0.0000000E+00  0.0000000E+00
        1987           1 corn                                       12.06000      0.5998951      4.9742538E-02
        1987           2 soyb                                      0.0000000E+00  0.0000000E+00  0.0000000E+00
        1988           1 corn                                       12.06000      0.4149510      3.4407213E-02
        1988           2 soyb                                      0.0000000E+00  0.0000000E+00  0.0000000E+00
        1989           1 corn                                       12.06000      0.5092647      4.2227581E-02
        1989           2 soyb                                      0.0000000E+00  0.0000000E+00  0.0000000E+00
        1990           1 corn                                       12.06000      0.6120324      5.0748944E-02
        1990           2 soyb                                      0.0000000E+00  0.0000000E+00  0.0000000E+00
        1991           1 corn                                       12.06000      0.5372322      4.4546608E-02
        1991           2 soyb                                      0.0000000E+00  0.0000000E+00  0.0000000E+00
        1992           1 corn                                       12.06000      0.6141256      5.0922517E-02
        1992           2 soyb                                      0.0000000E+00  0.0000000E+00  0.0000000E+00
        1993           1 corn                                       12.06000      0.6755386      5.6014802E-02
        1993           2 soyb                                      0.0000000E+00  0.0000000E+00  0.0000000E+00
        1994           1 corn                                       12.06000      0.6330745      5.2493736E-02
        1994           2 soyb                                      0.0000000E+00  0.0000000E+00  0.0000000E+00
        1995           1 corn                                       1.005000      4.6251297E-02  4.6021149E-02
        1995           2 soyb                                      0.0000000E+00  0.0000000E+00  0.0000000E+00
        1996           1 corn                                       12.06000      0.5731768      4.7527093E-02
        1996           2 soyb                                      0.0000000E+00  0.0000000E+00  0.0000000E+00
        1997           1 corn                                       12.06000      0.6342137      5.2588198E-02
        1997           2 soyb                                      0.0000000E+00  0.0000000E+00  0.0000000E+00
        1998           1 corn                                       12.06000      0.6138673      5.0901096E-02
        1998           2 soyb                                      0.0000000E+00  0.0000000E+00  0.0000000E+00
        1999           1 corn                                       12.06000      0.6381647      5.2915808E-02
        1999           2 soyb                                      0.0000000E+00  0.0000000E+00  0.0000000E+00
        2000           1 corn                                       12.06000      0.4701468      3.8983975E-02
        2000           2 soyb                                      0.0000000E+00  0.0000000E+00  0.0000000E+00
        2001           1 corn                                       12.06000      0.4180899      3.4667481E-02
        2001           2 soyb                                      0.0000000E+00  0.0000000E+00  0.0000000E+00
        2002           1 corn                                       1.005000      5.1344130E-02  5.1088639E-02
        2002           2 soyb                                      0.0000000E+00  0.0000000E+00  0.0000000E+00
        2003           1 corn                                       12.06000      0.5345055      4.4320520E-02
        2003           2 soyb                                      0.0000000E+00  0.0000000E+00  0.0000000E+00
        2004           1 corn                                       12.06000      0.5063176      4.1983213E-02
        2004           2 soyb                                      0.0000000E+00  0.0000000E+00  0.0000000E+00
        2005           1 corn                                       12.06000      0.5730555      4.7517035E-02
        2005           2 soyb                                      0.0000000E+00  0.0000000E+00  0.0000000E+00
        2006           1 corn                                       12.06000      0.5724661      4.7468159E-02
        2006           2 soyb                                      0.0000000E+00  0.0000000E+00  0.0000000E+00
        2007           1 corn                                       12.06000      0.5737241      4.7572475E-02
        2007           2 soyb                                      0.0000000E+00  0.0000000E+00  0.0000000E+00
        2008           1 corn                                       12.06000      0.6368799      5.2809268E-02
        2008           2 soyb                                      0.0000000E+00  0.0000000E+00  0.0000000E+00
        2009           1 corn                                       12.06000      0.5151700      4.2717244E-02
        2009           2 soyb                                      0.0000000E+00  0.0000000E+00  0.0000000E+00
        2010           1 corn                                       12.06000      0.6410668      5.3156450E-02
        2010           2 soyb                                      0.0000000E+00  0.0000000E+00  0.0000000E+00
        2011           1 corn                                       12.06000      0.6064981      5.0290048E-02
        2011           2 soyb                                      0.0000000E+00  0.0000000E+00  0.0000000E+00
        2012           1 corn                                       12.06000      0.4415364      3.6611639E-02
        2012           2 soyb                                      0.0000000E+00  0.0000000E+00  0.0000000E+00
        2013           1 corn                                       12.06000      0.4193970      3.4775868E-02
        2013           2 soyb                                      0.0000000E+00  0.0000000E+00  0.0000000E+00
        2014           1 corn                                       12.06000      0.6346778      5.2626681E-02
        2014           2 soyb                                      0.0000000E+00  0.0000000E+00  0.0000000E+00
        2015           1 corn                                       12.06000      0.6455405      5.3527400E-02
        2015           2 soyb                                      0.0000000E+00  0.0000000E+00  0.0000000E+00
        2016           1 corn                                       12.06000      0.6010429      4.9837716E-02
        2016           2 soyb                                      0.0000000E+00  0.0000000E+00  0.0000000E+00
        2017           1 corn                                       12.06000      0.5083153      4.2148862E-02
        2017           2 soyb                                      0.0000000E+00  0.0000000E+00  0.0000000E+00
        2018           1 corn                                       12.06000      0.6406381      5.3120900E-02
        2018           2 soyb                                      0.0000000E+00  0.0000000E+00  0.0000000E+00
        2019           1 corn                                       12.06000      0.6062898      5.0272781E-02
        2019           2 soyb                                      0.0000000E+00  0.0000000E+00  0.0000000E+00
        2020           1 corn                                       12.06000      0.5123219      4.2481087E-02
        2020           2 soyb                                      0.0000000E+00  0.0000000E+00  0.0000000E+00
