 demo                      SWAT+ 2026-07-28        MODULAR Rev 2026.pfas-coupling-v1.0-17-g817dd8c        
        jday        mon        day         yr            unit              gis_id     name                plant_c    rsd_decay_c    harv_stov_c         emit_c
                                                                                                          kg C/ha        kg C/ha        kg C/ha        kg C/ha
         366          12          31        2020           1                     1 hru0001            105.2996      0.0000000E+00   103.3573       9.335598      0.0000000E+00  0.0000000E+00
         366          12          31        2020           2                     1 hru0002            114.8945      0.0000000E+00   117.3602       11.44828      0.0000000E+00  0.0000000E+00
         366          12          31        2020           3                     1 hru0003            105.9156      0.0000000E+00   106.8640       9.342110      0.0000000E+00  0.0000000E+00
         366          12          31        2020           4                     1 hru0004            106.0063      0.0000000E+00   106.7329       9.343086      0.0000000E+00  0.0000000E+00
         366          12          31        2020           5                     1 hru0005            106.1640      0.0000000E+00   107.7351       9.344737      0.0000000E+00  0.0000000E+00
         366          12          31        2020           6                     1 hru0006            106.5452      0.0000000E+00   107.8420       9.348805      0.0000000E+00  0.0000000E+00
         366          12          31        2020           7                     1 hru0007            104.8780      0.0000000E+00   102.8898       9.331178      0.0000000E+00  0.0000000E+00
         366          12          31        2020           8                     1 hru0008            109.5419      0.0000000E+00   103.5931       11.04250      0.0000000E+00  0.0000000E+00
         366          12          31        2020           9                     1 hru0009            107.1049      0.0000000E+00   107.9539       9.354782      0.0000000E+00  0.0000000E+00
         366          12          31        2020          10                     1 hru0010            107.5040      0.0000000E+00   107.2782       9.777513      0.0000000E+00  0.0000000E+00
         366          12          31        2020          11                     1 hru0011            115.2766      0.0000000E+00   110.7862       11.85787      0.0000000E+00  0.0000000E+00
         366          12          31        2020          12                     1 hru0012            108.7273      0.0000000E+00   108.0662       9.790771      0.0000000E+00  0.0000000E+00
