 demo                      SWAT+ 2026-07-28        MODULAR Rev 2026.pfas-coupling-v1.0-17-g817dd8c        
        jday        mon        day         yr            unit              gis_id     name                  npp_c         harv_c         drop_c      grazeat_c         emit_c
                                                                                                          kg C/ha        kg C/ha        kg C/ha        kg C/ha        kg C/ha
         366          12          31        2020           1                     1 hru0001            243.9205       91.31364      0.0000000E+00   105.2996      0.0000000E+00  0.0000000E+00
         366          12          31        2020           2                     1 hru0002            273.5186       106.3581      0.0000000E+00   114.8945      0.0000000E+00  0.0000000E+00
         366          12          31        2020           3                     1 hru0003            245.9211       92.38802      0.0000000E+00   105.9156      0.0000000E+00  0.0000000E+00
         366          12          31        2020           4                     1 hru0004            246.2402       92.56818      0.0000000E+00   106.0063      0.0000000E+00  0.0000000E+00
         366          12          31        2020           5                     1 hru0005            246.7192       92.81136      0.0000000E+00   106.1640      0.0000000E+00  0.0000000E+00
         366          12          31        2020           6                     1 hru0006            247.9259       93.44077      0.0000000E+00   106.5452      0.0000000E+00  0.0000000E+00
         366          12          31        2020           7                     1 hru0007            242.5935       90.61933      0.0000000E+00   104.8780      0.0000000E+00  0.0000000E+00
         366          12          31        2020           8                     1 hru0008            258.0602       98.97822      0.0000000E+00   109.5419      0.0000000E+00  0.0000000E+00
         366          12          31        2020           9                     1 hru0009            249.6976       94.36633      0.0000000E+00   107.1049      0.0000000E+00  0.0000000E+00
         366          12          31        2020          10                     1 hru0010            250.8255       94.86295      0.0000000E+00   107.5040      0.0000000E+00  0.0000000E+00
         366          12          31        2020          11                     1 hru0011            278.9189       111.0157      0.0000000E+00   115.2766      0.0000000E+00  0.0000000E+00
         366          12          31        2020          12                     1 hru0012            255.0798       97.26121      0.0000000E+00   108.7273      0.0000000E+00  0.0000000E+00
