 demo                      SWAT+ 2026-07-28        MODULAR Rev 2026.pfas-coupling-v1.0-17-g817dd8c        
        jday        mon        day         yr            unit              gis_id     name                  sed_c         surq_c       surq_doc       surq_dic         latq_c       latq_doc       latq_dic         perc_c       perc_doc       perc_dic      res_decay      man_app_c    man_graze_c          rsp_c         emit_c
                                                                                                          kg C/ha        kg C/ha        kg C/ha        kg C/ha        kg C/ha        kg C/ha        kg C/ha        kg C/ha        kg C/ha        kg C/ha        kg C/ha        kg C/ha        kg C/ha        kg C/ha        kg C/ha
         366          12          31        2020           1                     1 hru0001            1.243823       1.108043      0.0000000E+00  0.0000000E+00  2.4755439E-02  0.0000000E+00  0.0000000E+00  0.0000000E+00  0.0000000E+00  0.0000000E+00  0.0000000E+00  0.0000000E+00  0.0000000E+00   1147.178      0.0000000E+00
         366          12          31        2020           2                     1 hru0002           0.8541270      0.9188424      0.0000000E+00  0.0000000E+00  0.2571908      0.0000000E+00  0.0000000E+00  0.0000000E+00  0.0000000E+00  0.0000000E+00  0.0000000E+00  0.0000000E+00  0.0000000E+00   1162.810      0.0000000E+00
         366          12          31        2020           3                     1 hru0003            1.965544      0.9970518      0.0000000E+00  0.0000000E+00  3.7354972E-02  0.0000000E+00  0.0000000E+00  0.0000000E+00  0.0000000E+00  0.0000000E+00  0.0000000E+00  0.0000000E+00  0.0000000E+00   1469.933      0.0000000E+00
         366          12          31        2020           4                     1 hru0004            2.093197      0.9864626      0.0000000E+00  0.0000000E+00  3.9102662E-02  0.0000000E+00  0.0000000E+00  0.0000000E+00  0.0000000E+00  0.0000000E+00  0.0000000E+00  0.0000000E+00  0.0000000E+00   1468.619      0.0000000E+00
         366          12          31        2020           5                     1 hru0005            2.015484      0.9744706      0.0000000E+00  0.0000000E+00  3.9621077E-02  0.0000000E+00  0.0000000E+00  0.0000000E+00  0.0000000E+00  0.0000000E+00  0.0000000E+00  0.0000000E+00  0.0000000E+00   1514.255      0.0000000E+00
         366          12          31        2020           6                     1 hru0006            3.050447      0.9538479      0.0000000E+00  0.0000000E+00  4.4493731E-02  0.0000000E+00  0.0000000E+00  0.0000000E+00  0.0000000E+00  0.0000000E+00  0.0000000E+00  0.0000000E+00  0.0000000E+00   1561.094      0.0000000E+00
         366          12          31        2020           7                     1 hru0007            1.797500       1.129556      0.0000000E+00  0.0000000E+00  2.3236029E-02  0.0000000E+00  0.0000000E+00  0.0000000E+00  0.0000000E+00  0.0000000E+00  0.0000000E+00  0.0000000E+00  0.0000000E+00   1121.887      0.0000000E+00
         366          12          31        2020           8                     1 hru0008            2.383760      0.8931026      0.0000000E+00  0.0000000E+00  4.0075000E-02  0.0000000E+00  0.0000000E+00  0.0000000E+00  0.0000000E+00  0.0000000E+00  0.0000000E+00  0.0000000E+00  0.0000000E+00   1190.257      0.0000000E+00
         366          12          31        2020           9                     1 hru0009            2.571613      0.9395999      0.0000000E+00  0.0000000E+00  4.5748856E-02  0.0000000E+00  0.0000000E+00  0.0000000E+00  0.0000000E+00  0.0000000E+00  0.0000000E+00  0.0000000E+00  0.0000000E+00   1487.866      0.0000000E+00
         366          12          31        2020          10                     1 hru0010            2.457017      0.8906009      0.0000000E+00  0.0000000E+00  4.0448043E-02  0.0000000E+00  0.0000000E+00  0.0000000E+00  0.0000000E+00  0.0000000E+00  0.0000000E+00  0.0000000E+00  0.0000000E+00   1436.972      0.0000000E+00
         366          12          31        2020          11                     1 hru0011            1.977634      0.7444937      0.0000000E+00  0.0000000E+00  9.6737847E-02  0.0000000E+00  0.0000000E+00  0.0000000E+00  0.0000000E+00  0.0000000E+00  0.0000000E+00  0.0000000E+00  0.0000000E+00   1581.724      0.0000000E+00
         366          12          31        2020          12                     1 hru0012            2.182786      0.8465662      0.0000000E+00  0.0000000E+00  5.0353453E-02  0.0000000E+00  0.0000000E+00  0.0000000E+00  0.0000000E+00  0.0000000E+00  0.0000000E+00  0.0000000E+00  0.0000000E+00   1465.961      0.0000000E+00
